[reg_aladin] 
[reg_aladin] Command line:
[reg_aladin] 	 reg_aladin -ref /home/pnikou/Documents/Data/BATCH_1/Iteration_0/CT_0.nii.gz -flo /home/pnikou/Documents/Data/BATCH_1/Iteration_0/CT_0.nii.gz -aff /home/pnikou/Documents/Data/BATCH_1/Iteration_0/transformation_0.txt -res /home/pnikou/Documents/Data/BATCH_1/Iteration_0/InitialAlignment_0.nii.gz -omp 12 -rigOnly
[reg_aladin] 
[reg_aladin] OpenMP is used with 12 thread(s)
[reg_aladin_sym] Parameters
[reg_aladin_sym] Platform: cpu_platform
[reg_aladin_sym] Reference image name: /home/pnikou/Documents/Data/BATCH_1/Iteration_0/CT_0.nii.gz
[reg_aladin_sym] 	512x512x123 voxels
[reg_aladin_sym] 	0.976562x0.976562x3 mm
[reg_aladin_sym] Floating image name: /home/pnikou/Documents/Data/BATCH_1/Iteration_0/CT_0.nii.gz
[reg_aladin_sym] 	512x512x123 voxels
[reg_aladin_sym] 	0.976562x0.976562x3 mm
[reg_aladin_sym] Maximum iteration number: 5
[reg_aladin_sym] 	(10 during the first level)
[reg_aladin_sym] Percentage of blocks: 50 %
[reg_aladin_sym] * * * * * * * * * * * * * * * * * * * * * * * * * * * * * *
[reg_aladin_sym] Current level 1 / 3
[reg_aladin_sym] reference image size: 	128x128x62 voxels	3.90625x3.90625x6 mm
[reg_aladin_sym] floating image size: 	128x128x62 voxels	3.90625x3.90625x6 mm
[reg_aladin_sym] Block size = [4 4 4]
[reg_aladin_sym] * * * * * * * * * * * * * * * * * * * * * * * * * * * * * *
[reg_aladin_sym] Forward Block number = [32 32 16]
[reg_aladin_sym] Backward Block number = [32 32 16]
[reg_aladin_sym] Initial forward transformation matrix::
1	0	0	0
0	1	0	0
0	0	1	0
0	0	0	1
[reg_aladin_sym] Initial backward transformation matrix::
1	0	0	0
0	1	0	0
0	0	1	0
0	0	0	1
[reg_aladin_sym] * * * * * * * * * * * * * * * * * * * * * * * * * * * * * *
[reg_aladin_sym] Final forward transformation matrix::
1	0	0	0
0	1	-3.053113e-16	0
0	-3.330669e-16	1	0
0	0	0	1
[reg_aladin_sym] Final backward transformation matrix::
1	0	0	0
0	1	-3.053113e-16	0
0	-3.330669e-16	1	0
0	0	0	1
[reg_aladin_sym] - - - - - - - - - - - - - - - - - - - - - - - - - - - - - -
[reg_aladin_sym] Current level 2 / 3
[reg_aladin_sym] reference image size: 	256x256x62 voxels	1.95312x1.95312x6 mm
[reg_aladin_sym] floating image size: 	256x256x62 voxels	1.95312x1.95312x6 mm
[reg_aladin_sym] Block size = [4 4 4]
[reg_aladin_sym] * * * * * * * * * * * * * * * * * * * * * * * * * * * * * *
[reg_aladin_sym] Forward Block number = [64 64 16]
[reg_aladin_sym] Backward Block number = [64 64 16]
[reg_aladin_sym] Initial forward transformation matrix::
1	0	0	0
0	1	-3.053113e-16	0
0	-3.330669e-16	1	0
0	0	0	1
[reg_aladin_sym] Initial backward transformation matrix::
1	0	0	0
0	1	-3.053113e-16	0
0	-3.330669e-16	1	0
0	0	0	1
[reg_aladin_sym] * * * * * * * * * * * * * * * * * * * * * * * * * * * * * *
[reg_aladin_sym] Final forward transformation matrix::
1	0	-5.551115e-17	3.944305e-31
6.938894e-18	1	-2.220446e-16	1.577722e-30
-5.551115e-17	0	1	-1.421085e-14
0	0	0	1
[reg_aladin_sym] Final backward transformation matrix::
1	0	-5.551115e-17	3.944305e-31
6.938894e-18	1	-2.220446e-16	1.577722e-30
-5.551115e-17	0	1	-1.421085e-14
0	0	0	1
[reg_aladin_sym] - - - - - - - - - - - - - - - - - - - - - - - - - - - - - -
[reg_aladin_sym] Current level 3 / 3
[reg_aladin_sym] reference image size: 	512x512x123 voxels	0.976562x0.976562x3 mm
[reg_aladin_sym] floating image size: 	512x512x123 voxels	0.976562x0.976562x3 mm
[reg_aladin_sym] Block size = [4 4 4]
[reg_aladin_sym] * * * * * * * * * * * * * * * * * * * * * * * * * * * * * *
[reg_aladin_sym] Forward Block number = [128 128 31]
[reg_aladin_sym] Backward Block number = [128 128 31]
[reg_aladin_sym] Initial forward transformation matrix::
1	0	-5.551115e-17	3.944305e-31
6.938894e-18	1	-2.220446e-16	1.577722e-30
-5.551115e-17	0	1	-1.421085e-14
0	0	0	1
[reg_aladin_sym] Initial backward transformation matrix::
1	0	-5.551115e-17	3.944305e-31
6.938894e-18	1	-2.220446e-16	1.577722e-30
-5.551115e-17	0	1	-1.421085e-14
0	0	0	1
[reg_aladin_sym] * * * * * * * * * * * * * * * * * * * * * * * * * * * * * *
[reg_aladin_sym] Final forward transformation matrix::
1	-1.92593e-33	2.775558e-17	0
0	1	-1.040834e-16	0
0	-1.387779e-16	1	0
0	0	0	1
[reg_aladin_sym] Final backward transformation matrix::
1	-1.92593e-33	2.775558e-17	0
0	1	-1.040834e-16	0
0	-1.387779e-16	1	0
0	0	0	1
[reg_aladin_sym] - - - - - - - - - - - - - - - - - - - - - - - - - - - - - -
[reg_aladin] Registration performed in 4 min 39 sec
[reg_aladin] Have a good day !
[reg_aladin] 
[reg_aladin] Command line:
[reg_aladin] 	 reg_aladin -ref /home/pnikou/Documents/Data/BATCH_1/Iteration_0/CT_0.nii.gz -flo /home/pnikou/Documents/Data/BATCH_1/Iteration_0/CT_1.nii.gz -aff /home/pnikou/Documents/Data/BATCH_1/Iteration_0/transformation_1.txt -res /home/pnikou/Documents/Data/BATCH_1/Iteration_0/InitialAlignment_1.nii.gz -omp 12 -rigOnly
[reg_aladin] 
[reg_aladin] OpenMP is used with 12 thread(s)
[reg_aladin_sym] Parameters
[reg_aladin_sym] Platform: cpu_platform
[reg_aladin_sym] Reference image name: /home/pnikou/Documents/Data/BATCH_1/Iteration_0/CT_0.nii.gz
[reg_aladin_sym] 	512x512x123 voxels
[reg_aladin_sym] 	0.976562x0.976562x3 mm
[reg_aladin_sym] Floating image name: /home/pnikou/Documents/Data/BATCH_1/Iteration_0/CT_1.nii.gz
[reg_aladin_sym] 	512x512x156 voxels
[reg_aladin_sym] 	0.976562x0.976562x2.5 mm
[reg_aladin_sym] Maximum iteration number: 5
[reg_aladin_sym] 	(10 during the first level)
[reg_aladin_sym] Percentage of blocks: 50 %
[reg_aladin_sym] * * * * * * * * * * * * * * * * * * * * * * * * * * * * * *
[reg_aladin_sym] Current level 1 / 3
[reg_aladin_sym] reference image size: 	128x128x62 voxels	3.90625x3.90625x6 mm
[reg_aladin_sym] floating image size: 	128x128x39 voxels	3.90625x3.90625x10 mm
[reg_aladin_sym] Block size = [4 4 4]
[reg_aladin_sym] * * * * * * * * * * * * * * * * * * * * * * * * * * * * * *
[reg_aladin_sym] Forward Block number = [32 32 16]
[reg_aladin_sym] Backward Block number = [32 32 10]
[reg_aladin_sym] Initial forward transformation matrix::
1	0	0	5
0	1	0	-56
0	0	1	161.4
0	0	0	1
[reg_aladin_sym] Initial backward transformation matrix::
1	0	0	-5
0	1	0	56
0	0	1	-161.4
0	0	0	1
[reg_aladin_sym] * * * * * * * * * * * * * * * * * * * * * * * * * * * * * *
[reg_aladin_sym] Final forward transformation matrix::
0.9999864	0.002459644	0.004606878	5.106386
-0.002206934	0.9985342	-0.05407881	-20.12373
-0.004733139	0.05406789	0.998526	178.5049
0	0	0	1
[reg_aladin_sym] Final backward transformation matrix::
0.9999864	-0.002206935	-0.00473314	-4.30584
0.002459644	0.9985343	0.0540679	10.43029
0.004606877	-0.0540788	0.9985261	-179.3536
0	0	0	1
[reg_aladin_sym] - - - - - - - - - - - - - - - - - - - - - - - - - - - - - -
[reg_aladin_sym] Current level 2 / 3
[reg_aladin_sym] reference image size: 	256x256x62 voxels	1.95312x1.95312x6 mm
[reg_aladin_sym] floating image size: 	256x256x78 voxels	1.95312x1.95312x5 mm
[reg_aladin_sym] Block size = [4 4 4]
[reg_aladin_sym] * * * * * * * * * * * * * * * * * * * * * * * * * * * * * *
[reg_aladin_sym] Forward Block number = [64 64 16]
[reg_aladin_sym] Backward Block number = [64 64 20]
[reg_aladin_sym] Initial forward transformation matrix::
0.9999864	0.002459644	0.004606878	5.106386
-0.002206934	0.9985342	-0.05407881	-20.12373
-0.004733139	0.05406789	0.998526	178.5049
0	0	0	1
[reg_aladin_sym] Initial backward transformation matrix::
0.9999864	-0.002206935	-0.00473314	-4.30584
0.002459644	0.9985343	0.0540679	10.43029
0.004606877	-0.0540788	0.9985261	-179.3536
0	0	0	1
[reg_aladin_sym] * * * * * * * * * * * * * * * * * * * * * * * * * * * * * *
[reg_aladin_sym] Final forward transformation matrix::
0.9999824	0.002002865	0.00558006	5.149773
-0.001660105	0.9981506	-0.06076723	-20.16193
-0.005691447	0.06075689	0.9981363	178.3286
0	0	0	1
[reg_aladin_sym] Final backward transformation matrix::
0.9999824	-0.001660105	-0.005691448	-4.168205
0.002002865	0.9981506	0.06075689	9.279636
0.005580058	-0.06076723	0.9981364	-179.2502
0	0	0	1
[reg_aladin_sym] - - - - - - - - - - - - - - - - - - - - - - - - - - - - - -
[reg_aladin_sym] Current level 3 / 3
[reg_aladin_sym] reference image size: 	512x512x123 voxels	0.976562x0.976562x3 mm
[reg_aladin_sym] floating image size: 	512x512x156 voxels	0.976562x0.976562x2.5 mm
[reg_aladin_sym] Block size = [4 4 4]
[reg_aladin_sym] * * * * * * * * * * * * * * * * * * * * * * * * * * * * * *
[reg_aladin_sym] Forward Block number = [128 128 31]
[reg_aladin_sym] Backward Block number = [128 128 39]
[reg_aladin_sym] Initial forward transformation matrix::
0.9999824	0.002002865	0.00558006	5.149773
-0.001660105	0.9981506	-0.06076723	-20.16193
-0.005691447	0.06075689	0.9981363	178.3286
0	0	0	1
[reg_aladin_sym] Initial backward transformation matrix::
0.9999824	-0.001660105	-0.005691448	-4.168205
0.002002865	0.9981506	0.06075689	9.279636
0.005580058	-0.06076723	0.9981364	-179.2502
0	0	0	1
[reg_aladin_sym] * * * * * * * * * * * * * * * * * * * * * * * * * * * * * *
[reg_aladin_sym] Final forward transformation matrix::
0.9999537	0.00237374	0.009321753	4.877394
-0.00182684	0.9983006	-0.05824575	-20.4052
-0.009444172	0.05822603	0.9982588	177.3891
0	0	0	1
[reg_aladin_sym] Final backward transformation matrix::
0.9999537	-0.001826838	-0.009444172	-3.239152
0.002373742	0.9983006	0.05822603	10.03028
0.009321752	-0.05824575	0.9982587	-178.3142
0	0	0	1
[reg_aladin_sym] - - - - - - - - - - - - - - - - - - - - - - - - - - - - - -
[reg_aladin] Registration performed in 5 min 30 sec
[reg_aladin] Have a good day !
[reg_aladin] 
[reg_aladin] Command line:
[reg_aladin] 	 reg_aladin -ref /home/pnikou/Documents/Data/BATCH_1/Iteration_0/CT_0.nii.gz -flo /home/pnikou/Documents/Data/BATCH_1/Iteration_0/CT_6.nii.gz -aff /home/pnikou/Documents/Data/BATCH_1/Iteration_0/transformation_6.txt -res /home/pnikou/Documents/Data/BATCH_1/Iteration_0/InitialAlignment_6.nii.gz -omp 12 -rigOnly
[reg_aladin] 
[reg_aladin] OpenMP is used with 12 thread(s)
[reg_aladin_sym] Parameters
[reg_aladin_sym] Platform: cpu_platform
[reg_aladin_sym] Reference image name: /home/pnikou/Documents/Data/BATCH_1/Iteration_0/CT_0.nii.gz
[reg_aladin_sym] 	512x512x123 voxels
[reg_aladin_sym] 	0.976562x0.976562x3 mm
[reg_aladin_sym] Floating image name: /home/pnikou/Documents/Data/BATCH_1/Iteration_0/CT_6.nii.gz
[reg_aladin_sym] 	512x512x163 voxels
[reg_aladin_sym] 	0.976562x0.976562x2.5 mm
[reg_aladin_sym] Maximum iteration number: 5
[reg_aladin_sym] 	(10 during the first level)
[reg_aladin_sym] Percentage of blocks: 50 %
[reg_aladin_sym] * * * * * * * * * * * * * * * * * * * * * * * * * * * * * *
[reg_aladin_sym] Current level 1 / 3
[reg_aladin_sym] reference image size: 	128x128x62 voxels	3.90625x3.90625x6 mm
[reg_aladin_sym] floating image size: 	128x128x41 voxels	3.90625x3.90625x10 mm
[reg_aladin_sym] Block size = [4 4 4]
[reg_aladin_sym] * * * * * * * * * * * * * * * * * * * * * * * * * * * * * *
[reg_aladin_sym] Forward Block number = [32 32 16]
[reg_aladin_sym] Backward Block number = [32 32 11]
[reg_aladin_sym] Initial forward transformation matrix::
1	0	0	5
0	1	0	-10
0	0	1	-603.25
0	0	0	1
[reg_aladin_sym] Initial backward transformation matrix::
1	0	0	-5
0	1	0	10
0	0	1	603.25
0	0	0	1
[reg_aladin_sym] * * * * * * * * * * * * * * * * * * * * * * * * * * * * * *
[reg_aladin_sym] Final forward transformation matrix::
0.9999776	0.006608167	0.001033864	1.503976
-0.006597233	0.9999257	-0.01024379	4.941779
-0.00110148	0.01023674	0.999947	-600.2316
0	0	0	1
[reg_aladin_sym] Final backward transformation matrix::
0.9999776	-0.006597233	-0.00110148	-2.132483
0.006608167	0.9999257	0.01023674	1.193063
0.001033865	-0.01024379	0.999947	600.2489
0	0	0	1
[reg_aladin_sym] - - - - - - - - - - - - - - - - - - - - - - - - - - - - - -
[reg_aladin_sym] Current level 2 / 3
[reg_aladin_sym] reference image size: 	256x256x62 voxels	1.95312x1.95312x6 mm
[reg_aladin_sym] floating image size: 	256x256x82 voxels	1.95312x1.95312x5 mm
[reg_aladin_sym] Block size = [4 4 4]
[reg_aladin_sym] * * * * * * * * * * * * * * * * * * * * * * * * * * * * * *
[reg_aladin_sym] Forward Block number = [64 64 16]
[reg_aladin_sym] Backward Block number = [64 64 21]
[reg_aladin_sym] Initial forward transformation matrix::
0.9999776	0.006608167	0.001033864	1.503976
-0.006597233	0.9999257	-0.01024379	4.941779
-0.00110148	0.01023674	0.999947	-600.2316
0	0	0	1
[reg_aladin_sym] Initial backward transformation matrix::
0.9999776	-0.006597233	-0.00110148	-2.132483
0.006608167	0.9999257	0.01023674	1.193063
0.001033865	-0.01024379	0.999947	600.2489
0	0	0	1
[reg_aladin_sym] * * * * * * * * * * * * * * * * * * * * * * * * * * * * * *
[reg_aladin_sym] Final forward transformation matrix::
0.9999671	0.008105136	-0.0003755709	1.57157
-0.008111863	0.9996725	-0.02426837	5.794343
0.0001787512	0.02427061	0.9997054	-593.8517
0	0	0	1
[reg_aladin_sym] Final backward transformation matrix::
0.999967	-0.008111862	0.0001787495	-1.418365
0.008105136	0.9996725	0.02427061	8.607961
-0.0003755726	-0.02426837	0.9997054	593.8179
0	0	0	1
[reg_aladin_sym] - - - - - - - - - - - - - - - - - - - - - - - - - - - - - -
[reg_aladin_sym] Current level 3 / 3
[reg_aladin_sym] reference image size: 	512x512x123 voxels	0.976562x0.976562x3 mm
[reg_aladin_sym] floating image size: 	512x512x163 voxels	0.976562x0.976562x2.5 mm
[reg_aladin_sym] Block size = [4 4 4]
[reg_aladin_sym] * * * * * * * * * * * * * * * * * * * * * * * * * * * * * *
[reg_aladin_sym] Forward Block number = [128 128 31]
[reg_aladin_sym] Backward Block number = [128 128 41]
[reg_aladin_sym] Initial forward transformation matrix::
0.9999671	0.008105136	-0.0003755709	1.57157
-0.008111863	0.9996725	-0.02426837	5.794343
0.0001787512	0.02427061	0.9997054	-593.8517
0	0	0	1
[reg_aladin_sym] Initial backward transformation matrix::
0.999967	-0.008111862	0.0001787495	-1.418365
0.008105136	0.9996725	0.02427061	8.607961
-0.0003755726	-0.02426837	0.9997054	593.8179
0	0	0	1
[reg_aladin_sym] * * * * * * * * * * * * * * * * * * * * * * * * * * * * * *
[reg_aladin_sym] Final forward transformation matrix::
0.9999695	0.007762621	0.0007675117	1.447282
-0.007751096	0.9998717	-0.01402457	5.067517
-0.0008762802	0.01401819	0.9999014	-597.8277
0	0	0	1
[reg_aladin_sym] Final backward transformation matrix::
0.9999696	-0.007751096	-0.0008762805	-1.931824
0.007762621	0.9998716	0.01401819	3.302362
0.0007675113	-0.01402457	0.9999013	597.8386
0	0	0	1
[reg_aladin_sym] - - - - - - - - - - - - - - - - - - - - - - - - - - - - - -
[reg_aladin] Registration performed in 5 min 40 sec
[reg_aladin] Have a good day !
[reg_aladin] 
[reg_aladin] Command line:
[reg_aladin] 	 reg_aladin -ref /home/pnikou/Documents/Data/BATCH_1/Iteration_0/CT_0.nii.gz -flo /home/pnikou/Documents/Data/BATCH_1/Iteration_0/CT_11.nii.gz -aff /home/pnikou/Documents/Data/BATCH_1/Iteration_0/transformation_11.txt -res /home/pnikou/Documents/Data/BATCH_1/Iteration_0/InitialAlignment_11.nii.gz -omp 12 -rigOnly
[reg_aladin] 
[reg_aladin] OpenMP is used with 12 thread(s)
[reg_aladin_sym] Parameters
[reg_aladin_sym] Platform: cpu_platform
[reg_aladin_sym] Reference image name: /home/pnikou/Documents/Data/BATCH_1/Iteration_0/CT_0.nii.gz
[reg_aladin_sym] 	512x512x123 voxels
[reg_aladin_sym] 	0.976562x0.976562x3 mm
[reg_aladin_sym] Floating image name: /home/pnikou/Documents/Data/BATCH_1/Iteration_0/CT_11.nii.gz
[reg_aladin_sym] 	512x512x131 voxels
[reg_aladin_sym] 	0.976562x0.976562x3 mm
[reg_aladin_sym] Maximum iteration number: 5
[reg_aladin_sym] 	(10 during the first level)
[reg_aladin_sym] Percentage of blocks: 50 %
[reg_aladin_sym] * * * * * * * * * * * * * * * * * * * * * * * * * * * * * *
[reg_aladin_sym] Current level 1 / 3
[reg_aladin_sym] reference image size: 	128x128x62 voxels	3.90625x3.90625x6 mm
[reg_aladin_sym] floating image size: 	128x128x33 voxels	3.90625x3.90625x12 mm
[reg_aladin_sym] Block size = [4 4 4]
[reg_aladin_sym] * * * * * * * * * * * * * * * * * * * * * * * * * * * * * *
[reg_aladin_sym] Forward Block number = [32 32 16]
[reg_aladin_sym] Backward Block number = [32 32 9]
[reg_aladin_sym] Initial forward transformation matrix::
1	0	0	4
0	1	0	-3
0	0	1	-666
0	0	0	1
[reg_aladin_sym] Initial backward transformation matrix::
1	0	0	-4
0	1	0	3
0	0	1	666
0	0	0	1
[reg_aladin_sym] * * * * * * * * * * * * * * * * * * * * * * * * * * * * * *
[reg_aladin_sym] Final forward transformation matrix::
0.9999554	0.0004477626	0.009433132	0.7950096
3.30584e-05	0.9987032	-0.05090985	16.60045
-0.009443695	0.05090788	0.9986587	-649.8671
0	0	0	1
[reg_aladin_sym] Final backward transformation matrix::
0.9999554	3.305872e-05	-0.009443694	-6.932669
0.000447763	0.9987033	0.05090789	16.50408
0.009433131	-0.05090984	0.9986587	649.833
0	0	0	1
[reg_aladin_sym] - - - - - - - - - - - - - - - - - - - - - - - - - - - - - -
[reg_aladin_sym] Current level 2 / 3
[reg_aladin_sym] reference image size: 	256x256x62 voxels	1.95312x1.95312x6 mm
[reg_aladin_sym] floating image size: 	256x256x66 voxels	1.95312x1.95312x6 mm
[reg_aladin_sym] Block size = [4 4 4]
[reg_aladin_sym] * * * * * * * * * * * * * * * * * * * * * * * * * * * * * *
[reg_aladin_sym] Forward Block number = [64 64 16]
[reg_aladin_sym] Backward Block number = [64 64 17]
[reg_aladin_sym] Initial forward transformation matrix::
0.9999554	0.0004477626	0.009433132	0.7950096
3.30584e-05	0.9987032	-0.05090985	16.60045
-0.009443695	0.05090788	0.9986587	-649.8671
0	0	0	1
[reg_aladin_sym] Initial backward transformation matrix::
0.9999554	3.305872e-05	-0.009443694	-6.932669
0.000447763	0.9987033	0.05090789	16.50408
0.009433131	-0.05090984	0.9986587	649.833
0	0	0	1
[reg_aladin_sym] * * * * * * * * * * * * * * * * * * * * * * * * * * * * * *
[reg_aladin_sym] Final forward transformation matrix::
0.9999694	-0.001794917	-0.007612582	1.852089
0.001381121	0.998539	-0.05401813	16.70168
0.007698418	0.05400596	0.998511	-650.7881
0	0	0	1
[reg_aladin_sym] Final backward transformation matrix::
0.9999694	0.001381119	0.007698418	3.13494
-0.001794918	0.998539	0.05400597	18.47249
-0.007612582	-0.05401813	0.998511	650.7354
0	0	0	1
[reg_aladin_sym] - - - - - - - - - - - - - - - - - - - - - - - - - - - - - -
[reg_aladin_sym] Current level 3 / 3
[reg_aladin_sym] reference image size: 	512x512x123 voxels	0.976562x0.976562x3 mm
[reg_aladin_sym] floating image size: 	512x512x131 voxels	0.976562x0.976562x3 mm
[reg_aladin_sym] Block size = [4 4 4]
[reg_aladin_sym] * * * * * * * * * * * * * * * * * * * * * * * * * * * * * *
[reg_aladin_sym] Forward Block number = [128 128 31]
[reg_aladin_sym] Backward Block number = [128 128 33]
[reg_aladin_sym] Initial forward transformation matrix::
0.9999694	-0.001794917	-0.007612582	1.852089
0.001381121	0.998539	-0.05401813	16.70168
0.007698418	0.05400596	0.998511	-650.7881
0	0	0	1
[reg_aladin_sym] Initial backward transformation matrix::
0.9999694	0.001381119	0.007698418	3.13494
-0.001794918	0.998539	0.05400597	18.47249
-0.007612582	-0.05401813	0.998511	650.7354
0	0	0	1
[reg_aladin_sym] * * * * * * * * * * * * * * * * * * * * * * * * * * * * * *
[reg_aladin_sym] Final forward transformation matrix::
0.9999852	-0.001930442	-0.005090744	1.709047
0.001659764	0.9986117	-0.05264903	16.45611
0.005185311	0.05263979	0.9986001	-652.5014
0	0	0	1
[reg_aladin_sym] Final backward transformation matrix::
0.9999852	0.001659764	0.005185312	1.647089
-0.001930442	0.9986117	0.05263979	17.91757
-0.005090742	-0.05264902	0.9986001	652.4631
0	0	0	1
[reg_aladin_sym] - - - - - - - - - - - - - - - - - - - - - - - - - - - - - -
[reg_aladin] Registration performed in 5 min 2 sec
[reg_aladin] Have a good day !
[reg_aladin] 
[reg_aladin] Command line:
[reg_aladin] 	 reg_aladin -ref /home/pnikou/Documents/Data/BATCH_1/Iteration_0/CT_0.nii.gz -flo /home/pnikou/Documents/Data/BATCH_1/Iteration_0/CT_0.nii.gz -aff /home/pnikou/Documents/Data/BATCH_1/Iteration_1/transformation_0.txt -res /home/pnikou/Documents/Data/BATCH_1/Iteration_1/resampled_img_0.nii.gz -omp 12 -rigOnly
[reg_aladin] 
[reg_aladin] OpenMP is used with 12 thread(s)
[reg_aladin_sym] Parameters
[reg_aladin_sym] Platform: cpu_platform
[reg_aladin_sym] Reference image name: /home/pnikou/Documents/Data/BATCH_1/Iteration_0/CT_0.nii.gz
[reg_aladin_sym] 	512x512x123 voxels
[reg_aladin_sym] 	0.976562x0.976562x3 mm
[reg_aladin_sym] Floating image name: /home/pnikou/Documents/Data/BATCH_1/Iteration_0/CT_0.nii.gz
[reg_aladin_sym] 	512x512x123 voxels
[reg_aladin_sym] 	0.976562x0.976562x3 mm
[reg_aladin_sym] Maximum iteration number: 5
[reg_aladin_sym] 	(10 during the first level)
[reg_aladin_sym] Percentage of blocks: 50 %
[reg_aladin_sym] * * * * * * * * * * * * * * * * * * * * * * * * * * * * * *
[reg_aladin_sym] Current level 1 / 3
[reg_aladin_sym] reference image size: 	128x128x62 voxels	3.90625x3.90625x6 mm
[reg_aladin_sym] floating image size: 	128x128x62 voxels	3.90625x3.90625x6 mm
[reg_aladin_sym] Block size = [4 4 4]
[reg_aladin_sym] * * * * * * * * * * * * * * * * * * * * * * * * * * * * * *
[reg_aladin_sym] Forward Block number = [32 32 16]
[reg_aladin_sym] Backward Block number = [32 32 16]
[reg_aladin_sym] Initial forward transformation matrix::
1	0	0	0
0	1	0	0
0	0	1	0
0	0	0	1
[reg_aladin_sym] Initial backward transformation matrix::
1	0	0	0
0	1	0	0
0	0	1	0
0	0	0	1
[reg_aladin_sym] * * * * * * * * * * * * * * * * * * * * * * * * * * * * * *
[reg_aladin_sym] Final forward transformation matrix::
1	0	0	0
0	1	-3.053113e-16	0
0	-3.330669e-16	1	0
0	0	0	1
[reg_aladin_sym] Final backward transformation matrix::
1	0	0	0
0	1	-3.053113e-16	0
0	-3.330669e-16	1	0
0	0	0	1
[reg_aladin_sym] - - - - - - - - - - - - - - - - - - - - - - - - - - - - - -
[reg_aladin_sym] Current level 2 / 3
[reg_aladin_sym] reference image size: 	256x256x62 voxels	1.95312x1.95312x6 mm
[reg_aladin_sym] floating image size: 	256x256x62 voxels	1.95312x1.95312x6 mm
[reg_aladin_sym] Block size = [4 4 4]
[reg_aladin_sym] * * * * * * * * * * * * * * * * * * * * * * * * * * * * * *
[reg_aladin_sym] Forward Block number = [64 64 16]
[reg_aladin_sym] Backward Block number = [64 64 16]
[reg_aladin_sym] Initial forward transformation matrix::
1	0	0	0
0	1	-3.053113e-16	0
0	-3.330669e-16	1	0
0	0	0	1
[reg_aladin_sym] Initial backward transformation matrix::
1	0	0	0
0	1	-3.053113e-16	0
0	-3.330669e-16	1	0
0	0	0	1
[reg_aladin_sym] * * * * * * * * * * * * * * * * * * * * * * * * * * * * * *
[reg_aladin_sym] Final forward transformation matrix::
1	0	-5.551115e-17	3.944305e-31
6.938894e-18	1	-2.220446e-16	1.577722e-30
-5.551115e-17	0	1	-1.421085e-14
0	0	0	1
[reg_aladin_sym] Final backward transformation matrix::
1	0	-5.551115e-17	3.944305e-31
6.938894e-18	1	-2.220446e-16	1.577722e-30
-5.551115e-17	0	1	-1.421085e-14
0	0	0	1
[reg_aladin_sym] - - - - - - - - - - - - - - - - - - - - - - - - - - - - - -
[reg_aladin_sym] Current level 3 / 3
[reg_aladin_sym] reference image size: 	512x512x123 voxels	0.976562x0.976562x3 mm
[reg_aladin_sym] floating image size: 	512x512x123 voxels	0.976562x0.976562x3 mm
[reg_aladin_sym] Block size = [4 4 4]
[reg_aladin_sym] * * * * * * * * * * * * * * * * * * * * * * * * * * * * * *
[reg_aladin_sym] Forward Block number = [128 128 31]
[reg_aladin_sym] Backward Block number = [128 128 31]
[reg_aladin_sym] Initial forward transformation matrix::
1	0	-5.551115e-17	3.944305e-31
6.938894e-18	1	-2.220446e-16	1.577722e-30
-5.551115e-17	0	1	-1.421085e-14
0	0	0	1
[reg_aladin_sym] Initial backward transformation matrix::
1	0	-5.551115e-17	3.944305e-31
6.938894e-18	1	-2.220446e-16	1.577722e-30
-5.551115e-17	0	1	-1.421085e-14
0	0	0	1
[reg_aladin_sym] * * * * * * * * * * * * * * * * * * * * * * * * * * * * * *
[reg_aladin_sym] Final forward transformation matrix::
1	-1.92593e-33	2.775558e-17	0
0	1	-1.040834e-16	0
0	-1.387779e-16	1	0
0	0	0	1
[reg_aladin_sym] Final backward transformation matrix::
1	-1.92593e-33	2.775558e-17	0
0	1	-1.040834e-16	0
0	-1.387779e-16	1	0
0	0	0	1
[reg_aladin_sym] - - - - - - - - - - - - - - - - - - - - - - - - - - - - - -
[reg_aladin] Registration performed in 4 min 49 sec
[reg_aladin] Have a good day !
[reg_aladin] 
[reg_aladin] Command line:
[reg_aladin] 	 reg_aladin -ref /home/pnikou/Documents/Data/BATCH_1/Iteration_0/CT_0.nii.gz -flo /home/pnikou/Documents/Data/BATCH_1/Iteration_0/CT_1.nii.gz -aff /home/pnikou/Documents/Data/BATCH_1/Iteration_1/transformation_1.txt -res /home/pnikou/Documents/Data/BATCH_1/Iteration_1/resampled_img_1.nii.gz -omp 12 -rigOnly
[reg_aladin] 
[reg_aladin] OpenMP is used with 12 thread(s)
[reg_aladin_sym] Parameters
[reg_aladin_sym] Platform: cpu_platform
[reg_aladin_sym] Reference image name: /home/pnikou/Documents/Data/BATCH_1/Iteration_0/CT_0.nii.gz
[reg_aladin_sym] 	512x512x123 voxels
[reg_aladin_sym] 	0.976562x0.976562x3 mm
[reg_aladin_sym] Floating image name: /home/pnikou/Documents/Data/BATCH_1/Iteration_0/CT_1.nii.gz
[reg_aladin_sym] 	512x512x156 voxels
[reg_aladin_sym] 	0.976562x0.976562x2.5 mm
[reg_aladin_sym] Maximum iteration number: 5
[reg_aladin_sym] 	(10 during the first level)
[reg_aladin_sym] Percentage of blocks: 50 %
[reg_aladin_sym] * * * * * * * * * * * * * * * * * * * * * * * * * * * * * *
[reg_aladin_sym] Current level 1 / 3
[reg_aladin_sym] reference image size: 	128x128x62 voxels	3.90625x3.90625x6 mm
[reg_aladin_sym] floating image size: 	128x128x39 voxels	3.90625x3.90625x10 mm
[reg_aladin_sym] Block size = [4 4 4]
[reg_aladin_sym] * * * * * * * * * * * * * * * * * * * * * * * * * * * * * *
[reg_aladin_sym] Forward Block number = [32 32 16]
[reg_aladin_sym] Backward Block number = [32 32 10]
[reg_aladin_sym] Initial forward transformation matrix::
1	0	0	-0.0793314
0	1	0	-33.14676
0	0	1	-10.65185
0	0	0	1
[reg_aladin_sym] Initial backward transformation matrix::
1	0	0	0.0793314
0	1	0	33.14676
0	0	1	10.65185
0	0	0	1
[reg_aladin_sym] * * * * * * * * * * * * * * * * * * * * * * * * * * * * * *
[reg_aladin_sym] Final forward transformation matrix::
0.9999709	0.005317072	-0.005473142	0.7050372
-0.005301019	0.9999816	0.002943714	0.09873813
0.005488693	-0.002914612	0.9999807	1.155845
0	0	0	1
[reg_aladin_sym] Final backward transformation matrix::
0.9999709	-0.005301017	0.005488693	-0.7108373
0.005317074	0.9999816	-0.002914615	-0.09911621
-0.005473142	0.002943711	0.9999807	-1.152254
0	0	0	1
[reg_aladin_sym] - - - - - - - - - - - - - - - - - - - - - - - - - - - - - -
[reg_aladin_sym] Current level 2 / 3
[reg_aladin_sym] reference image size: 	256x256x62 voxels	1.95312x1.95312x6 mm
[reg_aladin_sym] floating image size: 	256x256x78 voxels	1.95312x1.95312x5 mm
[reg_aladin_sym] Block size = [4 4 4]
[reg_aladin_sym] * * * * * * * * * * * * * * * * * * * * * * * * * * * * * *
[reg_aladin_sym] Forward Block number = [64 64 16]
[reg_aladin_sym] Backward Block number = [64 64 20]
[reg_aladin_sym] Initial forward transformation matrix::
0.9999709	0.005317072	-0.005473142	0.7050372
-0.005301019	0.9999816	0.002943714	0.09873813
0.005488693	-0.002914612	0.9999807	1.155845
0	0	0	1
[reg_aladin_sym] Initial backward transformation matrix::
0.9999709	-0.005301017	0.005488693	-0.7108373
0.005317074	0.9999816	-0.002914615	-0.09911621
-0.005473142	0.002943711	0.9999807	-1.152254
0	0	0	1
[reg_aladin_sym] * * * * * * * * * * * * * * * * * * * * * * * * * * * * * *
[reg_aladin_sym] Final forward transformation matrix::
0.9999824	0.002814787	-0.005224138	0.7461367
-0.002822945	0.9999948	-0.00155497	-0.01150814
0.005219734	0.001569689	0.9999851	0.9059387
0	0	0	1
[reg_aladin_sym] Final backward transformation matrix::
0.9999824	-0.002822945	0.005219735	-0.7508849
0.002814787	0.9999948	0.00156969	0.007985824
-0.005224139	-0.001554969	0.9999852	-0.9020452
0	0	0	1
[reg_aladin_sym] - - - - - - - - - - - - - - - - - - - - - - - - - - - - - -
[reg_aladin_sym] Current level 3 / 3
[reg_aladin_sym] reference image size: 	512x512x123 voxels	0.976562x0.976562x3 mm
[reg_aladin_sym] floating image size: 	512x512x156 voxels	0.976562x0.976562x2.5 mm
[reg_aladin_sym] Block size = [4 4 4]
[reg_aladin_sym] * * * * * * * * * * * * * * * * * * * * * * * * * * * * * *
[reg_aladin_sym] Forward Block number = [128 128 31]
[reg_aladin_sym] Backward Block number = [128 128 39]
[reg_aladin_sym] Initial forward transformation matrix::
0.9999824	0.002814787	-0.005224138	0.7461367
-0.002822945	0.9999948	-0.00155497	-0.01150814
0.005219734	0.001569689	0.9999851	0.9059387
0	0	0	1
[reg_aladin_sym] Initial backward transformation matrix::
0.9999824	-0.002822945	0.005219735	-0.7508849
0.002814787	0.9999948	0.00156969	0.007985824
-0.005224139	-0.001554969	0.9999852	-0.9020452
0	0	0	1
[reg_aladin_sym] * * * * * * * * * * * * * * * * * * * * * * * * * * * * * *
[reg_aladin_sym] Final forward transformation matrix::
0.9999856	0.003157532	-0.004340365	0.6407551
-0.003151168	0.999994	0.001472271	-0.3332169
0.004344988	-0.001458572	0.9999895	0.06800155
0	0	0	1
[reg_aladin_sym] Final backward transformation matrix::
0.9999856	-0.003151168	0.004344987	-0.6420913
0.003157532	0.999994	-0.001458573	0.3312909
-0.004340366	0.001472271	0.9999894	-0.06472907
0	0	0	1
[reg_aladin_sym] - - - - - - - - - - - - - - - - - - - - - - - - - - - - - -
[reg_aladin] Registration performed in 5 min 32 sec
[reg_aladin] Have a good day !
[reg_aladin] 
[reg_aladin] Command line:
[reg_aladin] 	 reg_aladin -ref /home/pnikou/Documents/Data/BATCH_1/Iteration_0/CT_0.nii.gz -flo /home/pnikou/Documents/Data/BATCH_1/Iteration_0/CT_6.nii.gz -aff /home/pnikou/Documents/Data/BATCH_1/Iteration_1/transformation_6.txt -res /home/pnikou/Documents/Data/BATCH_1/Iteration_1/resampled_img_6.nii.gz -omp 12 -rigOnly
[reg_aladin] 
[reg_aladin] OpenMP is used with 12 thread(s)
[reg_aladin_sym] Parameters
[reg_aladin_sym] Platform: cpu_platform
[reg_aladin_sym] Reference image name: /home/pnikou/Documents/Data/BATCH_1/Iteration_0/CT_0.nii.gz
[reg_aladin_sym] 	512x512x123 voxels
[reg_aladin_sym] 	0.976562x0.976562x3 mm
[reg_aladin_sym] Floating image name: /home/pnikou/Documents/Data/BATCH_1/Iteration_0/CT_6.nii.gz
[reg_aladin_sym] 	512x512x163 voxels
[reg_aladin_sym] 	0.976562x0.976562x2.5 mm
[reg_aladin_sym] Maximum iteration number: 5
[reg_aladin_sym] 	(10 during the first level)
[reg_aladin_sym] Percentage of blocks: 50 %
[reg_aladin_sym] * * * * * * * * * * * * * * * * * * * * * * * * * * * * * *
[reg_aladin_sym] Current level 1 / 3
[reg_aladin_sym] reference image size: 	128x128x62 voxels	3.90625x3.90625x6 mm
[reg_aladin_sym] floating image size: 	128x128x41 voxels	3.90625x3.90625x10 mm
[reg_aladin_sym] Block size = [4 4 4]
[reg_aladin_sym] * * * * * * * * * * * * * * * * * * * * * * * * * * * * * *
[reg_aladin_sym] Forward Block number = [32 32 16]
[reg_aladin_sym] Backward Block number = [32 32 11]
[reg_aladin_sym] Initial forward transformation matrix::
1	0	0	4.075226
0	1	0	-14.36738
0	0	1	-4.403648
0	0	0	1
[reg_aladin_sym] Initial backward transformation matrix::
1	0	0	-4.075226
0	1	0	14.36738
0	0	1	4.403648
0	0	0	1
[reg_aladin_sym] * * * * * * * * * * * * * * * * * * * * * * * * * * * * * *
[reg_aladin_sym] Final forward transformation matrix::
0.9999685	0.007570991	0.002397048	0.5093925
-0.007614306	0.9997979	0.01860912	2.218886
-0.002255674	-0.01862678	0.999824	1.089144
0	0	0	1
[reg_aladin_sym] Final backward transformation matrix::
0.9999685	-0.007614307	-0.002255674	-0.4900244
0.007570989	0.9997978	-0.01862678	-2.202006
0.002397048	0.01860912	0.9998239	-1.131464
0	0	0	1
[reg_aladin_sym] - - - - - - - - - - - - - - - - - - - - - - - - - - - - - -
[reg_aladin_sym] Current level 2 / 3
[reg_aladin_sym] reference image size: 	256x256x62 voxels	1.95312x1.95312x6 mm
[reg_aladin_sym] floating image size: 	256x256x82 voxels	1.95312x1.95312x5 mm
[reg_aladin_sym] Block size = [4 4 4]
[reg_aladin_sym] * * * * * * * * * * * * * * * * * * * * * * * * * * * * * *
[reg_aladin_sym] Forward Block number = [64 64 16]
[reg_aladin_sym] Backward Block number = [64 64 21]
[reg_aladin_sym] Initial forward transformation matrix::
0.9999685	0.007570991	0.002397048	0.5093925
-0.007614306	0.9997979	0.01860912	2.218886
-0.002255674	-0.01862678	0.999824	1.089144
0	0	0	1
[reg_aladin_sym] Initial backward transformation matrix::
0.9999685	-0.007614307	-0.002255674	-0.4900244
0.007570989	0.9997978	-0.01862678	-2.202006
0.002397048	0.01860912	0.9998239	-1.131464
0	0	0	1
[reg_aladin_sym] * * * * * * * * * * * * * * * * * * * * * * * * * * * * * *
[reg_aladin_sym] Final forward transformation matrix::
0.9999108	0.00863799	0.01018366	0.1480571
-0.00880715	0.999822	0.01668475	2.491375
-0.01003772	-0.01677295	0.9998089	9.340899
0	0	0	1
[reg_aladin_sym] Final backward transformation matrix::
0.9999108	-0.008807149	-0.01003772	-0.03234063
0.00863799	0.999822	-0.01677295	-2.335536
0.01018366	0.01668475	0.9998089	-9.382191
0	0	0	1
[reg_aladin_sym] - - - - - - - - - - - - - - - - - - - - - - - - - - - - - -
[reg_aladin_sym] Current level 3 / 3
[reg_aladin_sym] reference image size: 	512x512x123 voxels	0.976562x0.976562x3 mm
[reg_aladin_sym] floating image size: 	512x512x163 voxels	0.976562x0.976562x2.5 mm
[reg_aladin_sym] Block size = [4 4 4]
[reg_aladin_sym] * * * * * * * * * * * * * * * * * * * * * * * * * * * * * *
[reg_aladin_sym] Forward Block number = [128 128 31]
[reg_aladin_sym] Backward Block number = [128 128 41]
[reg_aladin_sym] Initial forward transformation matrix::
0.9999108	0.00863799	0.01018366	0.1480571
-0.00880715	0.999822	0.01668475	2.491375
-0.01003772	-0.01677295	0.9998089	9.340899
0	0	0	1
[reg_aladin_sym] Initial backward transformation matrix::
0.9999108	-0.008807149	-0.01003772	-0.03234063
0.00863799	0.999822	-0.01677295	-2.335536
0.01018366	0.01668475	0.9998089	-9.382191
0	0	0	1
[reg_aladin_sym] * * * * * * * * * * * * * * * * * * * * * * * * * * * * * *
[reg_aladin_sym] Final forward transformation matrix::
0.9999617	0.008513625	0.00205036	0.7584708
-0.008546993	0.9998214	0.01685515	2.457901
-0.001906496	-0.01687203	0.9998558	11.31006
0	0	0	1
[reg_aladin_sym] Final backward transformation matrix::
0.9999617	-0.008546991	-0.001906496	-0.7158715
0.008513627	0.9998214	-0.01687203	-2.273096
0.002050361	0.01685515	0.9998559	-11.35141
0	0	0	1
[reg_aladin_sym] - - - - - - - - - - - - - - - - - - - - - - - - - - - - - -
[reg_aladin] Registration performed in 5 min 35 sec
[reg_aladin] Have a good day !
[reg_aladin] 
[reg_aladin] Command line:
[reg_aladin] 	 reg_aladin -ref /home/pnikou/Documents/Data/BATCH_1/Iteration_0/CT_0.nii.gz -flo /home/pnikou/Documents/Data/BATCH_1/Iteration_0/CT_11.nii.gz -aff /home/pnikou/Documents/Data/BATCH_1/Iteration_1/transformation_11.txt -res /home/pnikou/Documents/Data/BATCH_1/Iteration_1/resampled_img_11.nii.gz -omp 12 -rigOnly
[reg_aladin] 
[reg_aladin] OpenMP is used with 12 thread(s)
[reg_aladin_sym] Parameters
[reg_aladin_sym] Platform: cpu_platform
[reg_aladin_sym] Reference image name: /home/pnikou/Documents/Data/BATCH_1/Iteration_0/CT_0.nii.gz
[reg_aladin_sym] 	512x512x123 voxels
[reg_aladin_sym] 	0.976562x0.976562x3 mm
[reg_aladin_sym] Floating image name: /home/pnikou/Documents/Data/BATCH_1/Iteration_0/CT_11.nii.gz
[reg_aladin_sym] 	512x512x131 voxels
[reg_aladin_sym] 	0.976562x0.976562x3 mm
[reg_aladin_sym] Maximum iteration number: 5
[reg_aladin_sym] 	(10 during the first level)
[reg_aladin_sym] Percentage of blocks: 50 %
[reg_aladin_sym] * * * * * * * * * * * * * * * * * * * * * * * * * * * * * *
[reg_aladin_sym] Current level 1 / 3
[reg_aladin_sym] reference image size: 	128x128x62 voxels	3.90625x3.90625x6 mm
[reg_aladin_sym] floating image size: 	128x128x33 voxels	3.90625x3.90625x12 mm
[reg_aladin_sym] Block size = [4 4 4]
[reg_aladin_sym] * * * * * * * * * * * * * * * * * * * * * * * * * * * * * *
[reg_aladin_sym] Forward Block number = [32 32 16]
[reg_aladin_sym] Backward Block number = [32 32 9]
[reg_aladin_sym] Initial forward transformation matrix::
1	0	0	2.380218
0	1	0	-17.13241
0	0	1	-9.465584
0	0	0	1
[reg_aladin_sym] Initial backward transformation matrix::
1	0	0	-2.380218
0	1	0	17.13241
0	0	1	9.465584
0	0	0	1
[reg_aladin_sym] * * * * * * * * * * * * * * * * * * * * * * * * * * * * * *
[reg_aladin_sym] Final forward transformation matrix::
0.9998985	0.0009055146	0.01421926	-1.059853
-0.0009010831	0.9999996	-0.0003180752	0.5549906
-0.01421954	0.00030523	0.9998989	2.843104
0	0	0	1
[reg_aladin_sym] Final backward transformation matrix::
0.9998984	-0.0009010828	-0.01421954	1.100674
0.0009055148	0.9999996	0.0003052301	-0.5548984
0.01421926	-0.000318075	0.9998989	-2.827569
0	0	0	1
[reg_aladin_sym] - - - - - - - - - - - - - - - - - - - - - - - - - - - - - -
[reg_aladin_sym] Current level 2 / 3
[reg_aladin_sym] reference image size: 	256x256x62 voxels	1.95312x1.95312x6 mm
[reg_aladin_sym] floating image size: 	256x256x66 voxels	1.95312x1.95312x6 mm
[reg_aladin_sym] Block size = [4 4 4]
[reg_aladin_sym] * * * * * * * * * * * * * * * * * * * * * * * * * * * * * *
[reg_aladin_sym] Forward Block number = [64 64 16]
[reg_aladin_sym] Backward Block number = [64 64 17]
[reg_aladin_sym] Initial forward transformation matrix::
0.9998985	0.0009055146	0.01421926	-1.059853
-0.0009010831	0.9999996	-0.0003180752	0.5549906
-0.01421954	0.00030523	0.9998989	2.843104
0	0	0	1
[reg_aladin_sym] Initial backward transformation matrix::
0.9998984	-0.0009010828	-0.01421954	1.100674
0.0009055148	0.9999996	0.0003052301	-0.5548984
0.01421926	-0.000318075	0.9998989	-2.827569
0	0	0	1
[reg_aladin_sym] * * * * * * * * * * * * * * * * * * * * * * * * * * * * * *
[reg_aladin_sym] Final forward transformation matrix::
0.9999978	-0.0006831977	-0.001972695	0.0500999
0.0006819813	0.9999996	-0.0006170592	0.2829584
0.00197312	0.0006157103	0.9999979	1.282361
0	0	0	1
[reg_aladin_sym] Final backward transformation matrix::
0.9999979	0.0006819816	0.001973115	-0.05282302
-0.0006831973	0.9999996	0.0006157126	-0.2837136
-0.001972699	-0.0006170569	0.9999979	-1.282085
0	0	0	1
[reg_aladin_sym] - - - - - - - - - - - - - - - - - - - - - - - - - - - - - -
[reg_aladin_sym] Current level 3 / 3
[reg_aladin_sym] reference image size: 	512x512x123 voxels	0.976562x0.976562x3 mm
[reg_aladin_sym] floating image size: 	512x512x131 voxels	0.976562x0.976562x3 mm
[reg_aladin_sym] Block size = [4 4 4]
[reg_aladin_sym] * * * * * * * * * * * * * * * * * * * * * * * * * * * * * *
[reg_aladin_sym] Forward Block number = [128 128 31]
[reg_aladin_sym] Backward Block number = [128 128 33]
[reg_aladin_sym] Initial forward transformation matrix::
0.9999978	-0.0006831977	-0.001972695	0.0500999
0.0006819813	0.9999996	-0.0006170592	0.2829584
0.00197312	0.0006157103	0.9999979	1.282361
0	0	0	1
[reg_aladin_sym] Initial backward transformation matrix::
0.9999979	0.0006819816	0.001973115	-0.05282302
-0.0006831973	0.9999996	0.0006157126	-0.2837136
-0.001972699	-0.0006170569	0.9999979	-1.282085
0	0	0	1
[reg_aladin_sym] * * * * * * * * * * * * * * * * * * * * * * * * * * * * * *
[reg_aladin_sym] Final forward transformation matrix::
0.9999979	-0.0007732036	0.001911715	-0.1905265
0.0007731043	0.9999997	5.262737e-05	-0.07874428
-0.001911756	-5.115227e-05	0.9999982	-0.8908929
0	0	0	1
[reg_aladin_sym] Final backward transformation matrix::
0.9999979	0.0007731044	-0.001911755	0.1888838
-0.0007732035	0.9999997	-5.114931e-05	0.07855137
0.001911716	5.263034e-05	0.9999982	0.8912597
0	0	0	1
[reg_aladin_sym] - - - - - - - - - - - - - - - - - - - - - - - - - - - - - -
[reg_aladin] Registration performed in 5 min 10 sec
[reg_aladin] Have a good day !
[NiftyReg] Starting the composition of two transformations
[NiftyReg] Transformation 1 is an affine parametrisation:
[NiftyReg] /home/pnikou/Documents/Data/BATCH_1/Iteration_1/inv_average_transformation.txt
[NiftyReg] Transformation 2 is an affine parametrisation:
[NiftyReg] /home/pnikou/Documents/Data/BATCH_1/Iteration_1/transformation_0.txt
[NiftyReg] Starting the composition of two transformations
[NiftyReg] Transformation 1 is an affine parametrisation:
[NiftyReg] /home/pnikou/Documents/Data/BATCH_1/Iteration_1/inv_average_transformation.txt
[NiftyReg] Transformation 2 is an affine parametrisation:
[NiftyReg] /home/pnikou/Documents/Data/BATCH_1/Iteration_1/transformation_1.txt
[NiftyReg] Starting the composition of two transformations
[NiftyReg] Transformation 1 is an affine parametrisation:
[NiftyReg] /home/pnikou/Documents/Data/BATCH_1/Iteration_1/inv_average_transformation.txt
[NiftyReg] Transformation 2 is an affine parametrisation:
